over_p [bar]	q [Nl/min]
7,954	0,12539219
7,954	0,326219734
7,953	-0,42001717
7,952	-0,33767775
7,951	-0,14150471
7,952	-0,152391972
7,953	-0,437142198
7,953	0,093505481
7,952	0,046389795
7,952	0,000880588
7,952	0,145597732
7,952	-0,040338871
7,952	-0,398028171
7,953	-0,338680928
7,874	51,77046058
7,862	60,7355405
7,853	63,84134746
7,847	65,72780536
7,837	67,42948823
7,831	67,95898219
7,825	69,26955351
7,817	68,7406174
7,804	69,66989106
7,796	68,84027259
7,784	69,29084141
7,774	69,19282074
7,763	69,47273778
7,755	68,83475976
7,744	68,96828731
7,736	69,57621567
7,729	69,35854002
7,718	69,43170624
7,706	68,64802508
7,696	69,21063538
7,685	68,94814786
7,676	69,3051048
7,663	68,61031015
7,655	68,21760365
7,644	68,54318233
7,638	68,56562397
7,625	68,12998157
7,618	68,33959261
7,605	68,40819991
7,597	68,0158376
7,587	67,79980584
7,578	68,22100049
7,567	67,61877988
7,56	68,29969527
7,548	67,43585799
7,541	67,40150411
7,529	67,38097997
7,521	67,53451071
7,51	67,9336813
7,502	67,45305254
7,491	67,32738782
7,481	66,95043459
7,469	67,52248277
7,463	67,65193574
7,456	67,2748789
7,447	67,04474263
7,439	67,23127779
7,428	66,46450358
7,42	66,46803853
7,409	66,39132839
7,4	66,3074435
7,396	67,01145746
7,387	66,36893998
7,375	66,63142907
7,365	66,65450727
7,358	65,93516758
7,349	65,89822993
7,341	66,24164994
7,33	66,3582918
7,324	65,63582999
7,318	65,49057568
7,31	65,79824453
7,303	65,62003535
7,292	66,12078222
7,284	66,09539356
7,278	65,66492182
7,268	65,12910825
7,261	65,18572416
7,25	65,5081676
7,244	65,08371357
7,238	65,82266294
7,23	64,98861802
7,222	65,39709729
7,211	65,00532396
7,205	65,32991227
7,199	64,76133681
7,189	64,54740734
7,178	64,60435378
7,169	64,83477871
7,164	64,46471876
7,155	64,85661244
7,149	64,50117803
7,143	64,4331821
7,134	64,5700515
7,127	65,02143513
7,116	64,68225463
7,11	64,17178359
7,105	64,66154604
7,094	64,10643202
7,088	64,13727447
7,078	64,05543404
7,071	64,27086556
7,064	64,44570992
7,055	63,69288963
7,048	63,96874811
7,038	63,90433758
7,029	63,54350273
7,019	63,99057896
7,011	63,71502098
7,005	63,81487442
6,995	63,88891986
6,988	63,61606415
6,983	63,32148999
6,975	63,68616684
6,97	63,72816282
6,96	63,1585044
6,951	62,96316693
6,946	63,6630465
6,937	63,3384946
6,932	63,42107234
6,92	62,73384277
6,914	62,75031307
6,909	62,73482072
6,898	62,83615435
6,892	62,39871646
6,887	62,21619311
6,876	62,79463033
6,869	62,35118868
6,858	62,12309552
6,852	62,81620975
6,841	62,15537708
6,835	62,13179785
6,825	62,03889087
6,817	62,35938147
6,812	61,95459935
6,801	62,20516883
6,795	61,77009073
6,785	62,07300048
6,776	62,06250334
6,771	61,75321306
6,762	61,97812109
6,756	61,32402786
6,745	61,49672465
6,737	61,3865057
6,733	61,55254234
6,723	61,42175021
6,715	61,63717456
6,711	61,80552011
6,7	61,56942146
6,695	61,5382001
6,686	60,98008129
6,68	60,90498691
6,673	60,78786558
6,663	60,83759009
6,656	60,78579454
6,646	61,13061037
6,64	60,76588409
6,63	61,07590253
6,621	60,83327621
6,617	61,07581084
6,612	60,26355907
6,603	60,47634447
6,598	60,50881837
6,593	60,78134948
6,583	60,95935559
6,577	60,07089542
6,567	60,56075246
6,559	60,34102121
6,554	59,79507553
6,546	59,82157668
6,538	60,48869307
6,534	59,68273607
6,525	59,66379832
6,519	60,28601301
6,51	59,53527218
6,502	59,86272706
6,498	59,77669865
6,489	59,61508699
6,483	59,36589128
6,473	59,78901627
6,465	59,70075644
6,46	59,62405819
6,455	59,24318765
6,446	59,76776112
6,441	59,30247714
6,431	58,9927619
6,423	59,69550301
6,418	59,17004024
6,41	58,76795447
6,402	58,93736516
6,399	58,92442185
6,39	58,76207021
6,383	58,79918369
6,379	58,79125174
6,37	59,10017214
6,363	58,89681891
6,359	58,24066595
6,351	58,88393711
6,346	58,3559246
6,34	58,54438812
6,331	58,81163652
6,325	58,61569721
6,315	58,63855024
6,308	58,36870119
6,304	58,41483921
6,299	58,4147901
6,29	58,13741183
6,286	58,55154927
6,276	58,30631114
6,267	58,42879305
6,263	57,53814596
6,259	57,77036444
6,251	58,30937472
6,246	57,48012877
6,241	57,67709328
6,233	57,57517309
6,228	57,52155395
6,218	57,13771035
6,209	57,72442836
6,204	57,80544526
6,196	57,62348263
6,188	57,01942534
6,184	56,87957275
6,18	57,35283501
6,172	57,10727525
6,165	56,99295259
6,156	56,63024629
6,15	57,28621803
6,14	57,1707815
6,132	57,35981637
6,128	57,43559963
6,118	57,29226089
6,113	56,65371809
6,102	56,26221346
6,094	57,03047483
6,089	56,85856243
6,08	57,11684445
6,073	56,71918769
6,068	55,99197051
6,059	56,61566562
6,052	56,68421409
6,049	56,04762751
6,04	56,47407375
6,032	56,14538662
6,028	56,30191091
6,025	56,17130019
6,016	55,63259837
6,01	56,2366481
6,005	56,09203881
5,997	55,74047359
5,992	55,75449676
5,983	56,08514233
5,975	55,78668822
5,969	55,9784464
5,961	55,08996322
5,955	55,40500009
5,949	55,83444519
5,941	55,65708582
5,936	55,40934274
5,931	55,55011694
5,922	55,61596751
5,915	55,20623642
5,911	55,3798596
5,903	55,27686403
5,896	55,55916505
5,892	54,7225508
5,888	54,80929245
5,879	54,86091017
5,875	54,78370604
5,87	55,16411859
5,862	54,21617325
5,855	54,5763846
5,852	55,07280319
5,842	54,30965283
5,837	54,70072304
5,833	54,68080425
5,829	54,47745454
5,821	54,92197953
5,816	53,99850486
5,806	54,1368359
5,798	54,31518298
5,788	53,78627045
5,78	53,65568054
5,775	54,30553494
5,771	54,35102694
5,761	53,75430475
5,758	53,83651962
5,753	53,80013034
5,745	53,60642647
5,738	53,58133542
5,729	53,67482749
5,72	53,38142232
5,717	53,83864657
5,713	53,89422408
5,706	53,18087878
5,701	53,27036355
5,695	53,83646672
5,687	53,46880652
5,682	53,39203055
5,678	53,60085202
5,674	53,4666776
5,665	53,15102725
5,658	52,91866415
5,655	53,07744246
5,646	52,51811642
5,641	52,86929181
5,631	53,28465013
5,625	53,20043299
5,619	53,00608823
5,61	53,11809888
5,604	52,86495307
5,598	52,5426408
5,588	52,53879442
5,582	52,41474773
5,578	52,21880546
5,569	52,67531098
5,563	51,99475588
5,56	52,29714537
5,552	52,05439287
5,544	51,98618791
5,54	52,20176804
5,536	52,11056571
5,529	51,92423747
5,525	51,83443887
5,52	52,30821438
5,512	51,72738006
5,504	51,75321596
5,501	51,79251823
5,493	51,32701046
5,486	51,8108282
5,482	51,77565236
5,479	51,95033395
5,471	51,34626203
5,464	51,47902911
5,461	51,66996473
5,457	51,72891501
5,448	51,19372905
5,444	51,1953869
5,436	51,1743172
5,428	50,67216264
5,425	50,85128957
5,416	51,61328175
5,41	51,10654482
5,404	50,78363064
5,401	50,51083459
5,398	50,95750801
5,391	50,58872919
5,387	50,43362484
5,383	51,03702142
5,374	50,51677217
5,368	50,9456772
5,363	50,63253691
5,354	50,61700992
5,348	50,42125394
5,345	50,28629133
5,341	50,10276681
5,332	49,98604036
5,326	50,66359591
5,316	50,30678133
5,311	50,33155424
5,306	49,64322677
5,298	49,75503544
5,29	50,13734922
5,286	50,22687774
5,282	50,18964434
5,275	49,38060132
5,27	49,47879493
5,267	50,07024317
5,259	49,4137179
5,253	49,18871413
5,249	49,62050905
5,24	49,67088564
5,232	49,72502989
5,229	49,68105764
5,225	49,80468439
5,218	49,21398901
5,212	48,78227161
5,208	49,61414943
5,204	49,18689036
5,195	49,06033519
5,189	48,6340314
5,185	49,44208999
5,177	48,5345587
5,172	49,31429706
5,163	49,33672033
5,156	48,61608556
5,151	49,40074252
5,142	49,05113461
5,135	48,78530873
5,132	48,18779004
5,128	48,25133602
5,12	48,38738443
5,113	48,66856599
5,109	48,73755794
5,106	48,46892615
5,097	48,67466154
5,093	48,46250315
5,088	48,14703148
5,079	47,92876513
5,072	48,26664141
5,07	47,89170169
5,067	47,72160099
5,058	47,7001588
5,052	47,72536139
5,044	48,44215151
5,036	47,48197644
5,033	48,09060846
5,029	47,37704755
5,02	48,16931354
5,013	47,26652781
5,009	47,6903575
5	47,62353958
4,996	47,42073115
4,991	47,91814972
4,982	47,79422862
4,978	47,92480941
4,972	47,32362931
4,964	47,60922232
4,956	47,2109507
4,952	47,26626375
4,943	46,83826408
4,939	47,48691137
4,933	46,74650708
4,925	46,99296183
4,92	47,29570031
4,915	46,70885338
4,907	47,03598254
4,9	46,60775562
4,897	46,82734103
4,893	46,97133052
4,885	46,41546109
4,879	46,37554908
4,874	46,58101461
4,865	46,75445848
4,858	46,61887513
4,854	45,9680537
4,846	46,63475411
4,841	46,25552818
4,832	45,95372312
4,824	46,37965648
4,82	46,29789254
4,817	46,57772942
4,809	46,25016081
4,802	45,67710425
4,797	45,47815935
4,794	45,82443564
4,787	45,76302099
4,781	45,51075428
4,776	45,74875345
4,768	45,56633242
4,762	45,4136928
4,753	45,2939382
4,746	46,11078787
4,741	45,12608417
4,737	45,29736616
4,728	45,28148551
4,722	44,87746659
4,712	45,39847654
4,705	45,24467509
4,702	44,85835186
4,699	45,43949182
4,695	45,54472033
4,688	44,85359327
4,684	44,67185139
4,679	45,1303711
4,67	44,94676419
4,666	45,39614295
4,662	44,63114533
4,657	45,1504106
4,65	44,71228777
4,643	44,64297068
4,638	44,45345673
4,63	44,41885598
4,625	44,78099191
4,621	44,81154685
4,617	44,17862532
4,61	44,89456651
4,603	44,18688314
4,599	43,92196826
4,591	43,90375118
4,585	43,94110497
4,583	44,26820304
4,579	44,27885485
4,576	43,82547499
4,568	44,2615054
4,562	43,96673198
4,554	43,634421
4,547	43,86556307
4,543	43,90640637
4,535	44,06945533
4,529	43,94632057
4,526	43,65343647
4,522	43,75478996
4,519	43,68680831
4,511	43,03911144
4,506	43,74698805
4,497	43,28263769
4,491	43,14613291
4,487	43,79637099
4,483	43,71383253
4,476	43,35323229
4,468	43,17354544
4,464	42,79063059
4,457	43,20149896
4,45	42,99060644
4,444	42,86805562
4,442	42,94117335
4,439	42,94814309
4,433	43,15314852
4,428	42,45175089
4,424	42,636677
4,415	42,9835877
4,411	42,41070224
4,408	42,27238217
4,399	42,73065282
4,392	42,67792163
4,389	42,70834247
4,385	42,27232711
4,377	42,11934586
4,37	42,31435182
4,367	42,60925574
4,364	41,88055143
4,356	42,71143569
4,352	42,72704997
4,347	42,40268556
4,344	42,61799407
4,337	42,43744326
4,331	42,10994384
4,328	42,15817952
4,325	41,87661888
4,318	42,21870532
4,312	42,31987223
4,308	41,87164347
4,3	41,84057797
4,293	42,21701651
4,289	41,75948901
4,281	41,75419688
4,274	41,84821402
4,271	41,40600414
4,268	42,10423776
4,264	41,67730798
4,257	41,138928
4,253	41,2648162
4,249	41,42605703
4,241	41,55281929
4,234	41,43003552
4,229	41,46827865
4,227	41,53206373
4,22	41,1103365
4,214	41,43497383
4,211	41,17756911
4,209	41,01554206
4,206	41,35567871
4,2	41,41159513
4,196	41,54838945
4,186	41,29775139
4,179	40,68039806
4,174	41,12533133
4,171	41,31664585
4,168	41,41229202
4,161	41,29271245
4,154	40,74852785
4,151	41,22300483
4,148	40,45177059
4,14	40,41269927
4,136	41,14634131
4,133	40,42496589
4,129	40,71529857
4,121	40,71671666
4,114	40,41273419
4,111	40,40352562
4,108	40,17980807
4,101	40,46734241
4,096	40,2829654
4,092	40,68448052
4,084	40,12755591
4,079	39,89788475
4,076	40,11647646
4,072	39,94853555
4,064	39,64749207
4,059	40,13184291
4,056	39,61406237
4,047	39,845548
4,04	39,49769721
4,035	39,74196953
4,033	39,79875594
4,031	39,83209506
4,022	40,09219722
4,018	40,0355213
4,014	39,51088265
4,006	39,13207184
4	39,82318884
3,998	39,40484257
3,994	39,11836264
3,987	39,63056883
3,982	39,74548874
3,978	39,39852472
3,975	39,85803804
3,967	39,57760941
3,96	39,55039275
3,956	39,6696445
3,953	38,88664613
3,946	39,58801334
3,941	39,53022057
3,938	39,37311228
3,929	38,97259174
3,923	39,20289748
3,92	39,04511896
3,917	38,9809982
3,908	39,25000052
3,903	38,35768274
3,899	38,94926874
3,89	38,48490708
3,882	38,59550739
3,878	38,46767504
3,871	38,78594936
3,865	38,96353966
3,859	39,00194998
3,855	38,93729035
3,849	38,64997649
3,843	38,35638654
3,84	38,33714605
3,838	38,32511639
3,831	38,29669611
3,826	38,3980913
3,822	38,36752884
3,813	37,70380726
3,805	38,13672772
3,801	38,44902433
3,798	38,41586131
3,79	37,42366725
3,783	37,50988673
3,779	37,45555524
3,776	37,29042205
3,768	37,56015807
3,765	37,87620449
3,761	37,46493392
3,753	37,54013765
3,747	37,23448658
3,744	37,16955484
3,735	37,35427352
3,728	37,14903646
3,724	37,10248777
3,72	37,3933765
3,711	37,39077
3,706	37,63833432
3,702	37,56028641
3,698	37,44523772
3,69	37,33481155
3,687	37,27343171
3,683	37,49076378
3,679	36,89216528
3,672	36,68713366
3,667	37,04842978
3,658	37,12975633
3,652	36,99548313
3,645	37,19278058
3,643	37,13397048
3,636	36,63099953
3,63	36,54610317
3,624	36,71206607
3,622	36,44961735
3,615	36,26504515
3,61	36,77373749
3,605	36,43182215
3,601	36,8715126
3,595	36,29345865
3,588	35,75145579
3,586	36,04331816
3,578	36,29347635
3,573	36,46239868
3,569	36,56989112
3,566	36,25514229
3,562	35,71593863
3,556	36,23722784
3,552	35,82991833
3,546	35,93938205
3,539	36,17670857
3,532	36,06527202
3,529	35,97851303
3,525	35,56509343
3,518	35,28352596
3,513	35,41321765
3,509	35,94280703
3,501	36,00147003
3,493	35,15576919
3,488	35,75397735
3,485	35,4378663
3,478	35,00098295
3,473	35,02370525
3,469	35,08302814
3,461	35,6437295
3,454	34,84818965
3,45	35,45461253
3,446	35,27895464
3,438	35,14991868
3,432	34,71659142
3,429	34,59208995
3,426	34,62521328
3,419	35,30537342
3,413	34,42618471
3,41	35,31336708
3,408	34,47202897
3,401	34,89400981
3,394	34,44536768
3,391	34,67183444
3,388	34,47581673
3,38	35,14849096
3,374	34,7924792
3,372	34,96232338
3,364	34,31171996
3,358	34,22752115
3,352	34,5305483
3,35	34,70587955
3,343	34,75009483
3,336	34,79164091
3,331	34,30231436
3,328	34,81946382
3,326	33,91677821
3,319	34,29630719
3,316	34,28054155
3,312	34,48560872
3,309	33,96614507
3,3	33,86308551
3,295	34,11788705
3,29	34,25695978
3,283	34,03635287
3,278	34,38423769
3,275	33,68220097
3,272	34,24254679
3,265	33,78383855
3,258	33,80930836
3,255	34,03722821
3,253	33,56665825
3,249	33,70311302
3,243	33,31020771
3,237	33,5127961
3,234	33,16228905
3,23	33,89420269
3,222	33,8035783
3,218	33,52076367
3,214	33,19802632
3,21	33,53779696
3,203	33,23792434
3,197	33,54371882
3,193	33,4679956
3,185	33,42228519
3,178	33,03598649
3,176	32,9134167
3,172	33,45791313
3,166	32,99802121
3,16	32,79284155
3,158	33,39469994
3,155	33,17829231
3,148	32,68063895
3,142	32,82235397
3,137	32,25042265
3,136	32,36784938
3,128	32,39746468
3,122	32,31857575
3,118	32,76140758
3,116	32,85368408
3,113	32,87612364
3,11	32,61109376
3,103	32,76958329
3,1	32,8762684
3,096	31,96167183
3,093	32,59755179
3,085	32,84558837
3,081	32,21125855
3,077	32,49931465
3,069	31,9053281
3,062	32,31599159
3,059	32,05042496
3,057	31,77227343
3,05	31,85248911
3,049	31,73075206
3,043	31,84925103
3,04	32,4887209
3,036	32,32067805
3,029	31,98485374
3,022	31,93550988
3,019	31,81283726
3,015	32,02425421
3,008	31,48149866
3,003	32,06551444
3,001	32,15444842
2,998	31,92260266
2,995	31,85948649
2,989	31,10580804
2,982	31,11663777
2,98	31,29502482
2,977	31,29852359
2,97	30,91642635
2,965	31,57526128
2,962	30,93265111
2,954	30,8948298
2,947	30,83405182
2,942	31,34317059
2,94	30,98049607
2,937	31,33231633
2,93	30,71253339
2,925	30,56493668
2,92	30,80829747
2,918	31,10761803
2,915	31,06432409
2,908	30,29098765
2,902	30,73322588
2,9	30,78357706
2,893	30,39693513
2,886	30,84969766
2,881	30,43019748
2,879	30,42919558
2,872	30,37058513
2,867	30,77716961
2,864	30,14651466
2,86	29,84684002
2,853	30,44254144
2,846	30,33028334
2,843	29,790109
2,84	29,90931614
2,838	30,43972017
2,831	29,85267782
2,826	29,73795213
2,823	29,75057649
2,82	29,60054488
2,814	29,99484796
2,809	30,09911393
2,806	30,17275775
2,803	29,58415992
2,8	29,3080671
2,793	29,3481577
2,789	30,13704266
2,786	29,45192281
2,796	20,59627412
2,797	13,36362079
2,802	8,908830279
2,802	6,686494183
2,805	4,530471297
2,808	2,919724963
2,81	2,205879465
2,813	1,445784112
2,815	-0,233148158
2,816	-0,265473646
2,815	0,030587778
2,814	-0,099013799
2,814	0,366332269
2,814	0,316962882
2,815	0,004670331
2,815	0,22404842
2,815	-0,471003718